function [training_matrix,testing_matrix,whole_matrix] = IrisRecognition_1(directory_of_img_folder)
    list_1 = [30,70,80,220,0.96]
    list_2 = [30,70,80,220,0.96]
    list_3 = [40,65,72,300,0.94]
    list_4 = [40,65,72,300,0.94]
    list_5 = [30,70,80,220,0.96]
    list_6 = [30,70,80,220,0.96]
    list_7 = [30,70,80,220,0.96]
    list_8 = [30,70,90,230,0.96]
    list_9 = [30,70,90,230,0.96]
    list_10 = [30,70,90,230,0.96]
    list_11 = [30,60,76,250,0.94]
    list_12 = [30,70,90,230,0.96]
    list_13 = [30,70,90,230,0.96]
    list_14 = [30,70,90,230,0.96]
    list_15 = [30,70,90,230,0.96]
    list_16 = [30,70,90,230,0.96]
    list_17 = [30,70,90,230,0.96]
    list_18 = [30,70,90,230,0.96]
    list_19 = [30,70,90,230,0.96]
    list_20 = [30,65,72,300,0.94]
    list_21 = [30,65,72,300,0.94]
    list_22 = [40,65,72,300,0.94]
    list_23 = [40,65,72,300,0.94]
    list_24 = [40,65,72,300,0.94]
    list_25 = [30,65,65,300,0.94]
    list_26 = [40,65,72,300,0.94]
    list_27 = [40,65,72,300,0.94]
    list_28 = [30,65,72,300,0.94]
    list_29 = [30,70,90,230,0.96]
    list_30 = [30,70,90,230,0.96]
    list_31 = [30,70,90,230,0.96]
    list_32 = [30,70,90,230,0.96]
    list_33 = [30,65,65,300,0.94]
    list_34 = [30,70,90,230,0.96]
    list_35 = [30,70,90,230,0.96]
    list_36 = [30,70,90,230,0.96]
    list_37 = [30,70,90,230,0.96]
    list_38 = [30,70,90,230,0.96]
    list_39 = [30,70,90,230,0.96]
    list_40 = [30,70,90,230,0.96]
    list_41 = [30,70,90,230,0.96]
    list_42 = [30,65,70,300,0.93]
    list_43 = [30,60,83,250,0.96]
    list_44 = [30,60,80,250,0.96]
    list_45 = [30,65,70,300,0.93]
    list_46 = [30,65,70,300,0.93]
    list_47 = [30,60,85,250,0.96]
    list_48 = [30,60,85,250,0.96]
    list_49 = [30,65,60,300,0.93]
    list_50 = [30,60,70,220,0.96]
    list_51 = [30,60,80,220,0.96]
    list_52 = [30,60,80,220,0.96]
    list_53 = [30,70,70,240,0.96]
    list_54 = [30,70,70,240,0.96]
    list_55 = [30,70,70,240,0.96]
    list_56 = [30,70,70,240,0.96]
    list_57 = [30,70,70,240,0.96]
    list_58 = [30,70,70,240,0.96]
    list_59 = [30,70,70,240,0.96]
    list_60 = [30,70,70,240,0.96]
    list_61 = [30,70,70,240,0.96]
    list_62 = [30,70,70,240,0.96]
    list_63 = [30,70,70,240,0.96]
    list_64 = [30,70,70,240,0.96]
    list_65 = [30,70,70,240,0.96]
    list_66 = [30,70,70,240,0.96]
    list_67 = [30,70,70,240,0.96]
    list_68 = [30,70,70,240,0.96]
    list_69 = [30,70,80,240,0.96]
    list_70 = [30,70,70,240,0.96]
    list_71 = [30,65,70,300,0.93]
    list_72 = [30,65,70,300,0.93]
    list_73 = [30,65,70,300,0.93]
    list_74 = [30,70,70,240,0.96]
    list_75 = [30,65,72,300,0.96]
    list_76 = [30,70,80,240,0.96]
    list_77 = [30,70,70,240,0.96]
    list_78 = [30,65,70,300,0.93]
    list_79 = [30,60,75,220,0.96]
    list_80 = [30,65,70,300,0.93]
    list_81 = [30,60,78,220,0.96]
    list_82 = [30,65,70,300,0.93]
    list_83 = [30,65,70,300,0.93]
    list_84 = [30,70,75,250,0.96]
    list_85 = [30,70,70,250,0.96]
    list_86 = [30,65,70,300,0.93]
    list_87 = [30,60,90,220,0.96]
    list_88 = [30,60,90,220,0.96]
    list_89 = [30,55,65,300,0.93]
    list_90 = [30,60,95,220,0.96]
    list_91 = [30,70,70,250,0.96]
    list_92 = [30,70,70,250,0.96]
    list_93 = [30,70,75,230,0.94]
    list_94 = [30,60,95,220,0.96]
    list_95 = [30,70,70,250,0.96]
    list_96 = [30,70,70,250,0.96]
    list_97 = [40,65,70,300,0.95]
    list_98 = [40,65,70,300,0.95]
    list_99 = [30,60,90,280,0.97]
    list_100 = [40,70,85,300,0.95]
    list_101 = [40,65,70,300,0.95]
    list_102 = [40,70,85,300,0.95]
    list_103 = [40,65,70,300,0.95]
    list_104 = [30,65,60,280,0.92]
    list_105 = [45,70,80,300,0.95]
    list_106 = [30,70,70,250,0.96]
    list_107 = [30,70,55,300,0.95]
    list_108 = [30,70,70,250,0.96]
    list_109 = [30,70,70,250,0.96]
    list_110 = [30,70,70,250,0.96]
    list_111 = [30,65,90,280,0.96]
    list_112 = [30,65,90,280,0.96]
    list_113 = [30,65,80,280,0.93]
    list_114 = [30,80,80,250,0.96]
    list_115 = [30,60,60,300,0.94]
    list_116 = [30,80,80,250,0.96]
    list_117 = [30,70,70,250,0.95]
    list_118 = [30,60,60,300,0.94]
    list_119 = [30,70,80,300,0.94]
    list_120 = [30,70,80,300,0.94]
    list_121 = [30,70,65,300,0.94]
    list_122 = [30,70,65,300,0.94]
    list_123 = [30,70,70,250,0.95]
    list_124 = [30,70,70,250,0.95]
    list_125 = [30,70,70,300,0.94]
    list_126 = [30,70,65,300,0.94]
    list_127 = [30,60,90,280,0.97]
    list_128 = [30,60,92,280,0.97]
    list_129 = [30,70,70,250,0.95]
    list_130 = [40,65,75,300,0.94]
    list_131 = [40,65,75,300,0.94]
    list_132 = [30,60,85,280,0.97]
    list_133 = [30,60,82,280,0.96]
    list_134 = [40,65,67,300,0.94]
    list_135 = [40,65,67,300,0.94]
    list_136 = [40,65,70,300,0.94]
    list_137 = [40,65,70,300,0.94]
    list_138 = [40,65,70,300,0.94]
    list_139 = [30,70,80,280,0.97]
    list_140 = [30,65,63,300,0.94]
    list_141 = [30,70,70,250,0.95]
    list_142 = [30,70,70,250,0.95]
    list_143 = [30,70,70,250,0.95]
    list_144 = [30,70,70,250,0.95]
    list_145 = [30,70,70,250,0.95]
    list_146 = [30,70,70,250,0.95]
    list_147 = [30,70,70,250,0.95]
    list_148 = [30,70,70,250,0.95]
    list_149 = [30,70,70,250,0.95]
    list_150 = [30,70,70,250,0.95]
    list_151 = [30,70,70,250,0.95]
    list_152 = [30,70,70,250,0.95]
    list_153 = [30,70,70,250,0.95]
    list_154 = [30,70,70,250,0.95]
    list_155 = [30,70,70,250,0.95]
    list_156 = [30,70,70,250,0.95]
    list_157 = [30,70,70,250,0.95]
    list_158 = [30,70,70,250,0.95]
    list_159 = [30,70,70,250,0.95]
    list_160 = [30,70,70,250,0.95]
    list_161 = [30,70,70,250,0.95]
    list_162 = [30,70,70,250,0.95]
    list_163 = [30,70,70,250,0.95]
    list_164 = [30,70,70,250,0.95]
    list_165 = [30,70,70,250,0.95]
    list_166 = [30,70,70,250,0.95]
    list_167 = [30,70,70,250,0.95]
    list_168 = [30,70,70,250,0.95]
    list_169 = [30,70,70,250,0.95]
    list_170 = [40,65,72,300,0.94]
    list_171 = [30,70,70,250,0.95]
    list_172 = [40,65,72,300,0.94]
    list_173 = [30,70,70,250,0.95]
    list_174 = [30,70,70,250,0.95]
    list_175 = [40,65,72,300,0.94]
    list_176 = [30,70,70,250,0.95]
    list_177 = [30,70,70,250,0.95]
    list_178 = [30,70,70,250,0.95]
    list_179 = [40,65,72,300,0.94]
    list_180 = [30,70,70,250,0.95]
    list_181 = [30,70,70,250,0.95]
    list_182 = [30,70,70,250,0.95]
    list_183 = [30,70,70,250,0.95]
    list_184 = [30,70,86,280,0.97]
    list_185 = [30,70,70,250,0.95]
    list_186 = [30,70,70,250,0.95]
    list_187 = [30,70,70,250,0.95]
    list_188 = [30,70,70,250,0.95]
    list_189 = [30,70,70,250,0.95]
    list_190 = [30,70,70,250,0.95]
    list_191 = [30,70,70,250,0.95]
    list_192 = [30,70,70,250,0.95]
    list_193 = [30,70,70,250,0.95]
    list_194 = [30,70,70,250,0.95]
    list_195 = [30,70,70,250,0.95]
    list_196 = [30,70,70,250,0.95]
    list_197 = [30,70,70,250,0.95]
    list_198 = [30,70,70,250,0.95]
    list_199 = [30,70,70,250,0.95]
    list_200 = [30,70,70,250,0.95]
    list_201 = [30,70,70,250,0.95]
    list_202 = [30,70,70,250,0.95]
    list_203 = [30,70,70,250,0.95]
    list_204 = [30,70,86,280,0.97]
    list_205 = [30,70,70,250,0.95]
    list_206 = [30,70,86,280,0.97]
    list_207 = [30,70,83,300,0.95]
    list_208 = [30,75,75,300,0.95]
    list_209 = [30,70,70,250,0.95]
    list_210 = [30,70,83,300,0.95]
    list_211 = [30,70,83,300,0.95]
    list_212 = [30,70,70,250,0.95]
    list_213 = [30,75,85,300,0.95]
    list_214 = [30,70,70,250,0.95]
    list_215 = [30,70,70,250,0.95]
    list_216 = [30,70,70,250,0.95]
    list_217 = [30,70,70,250,0.95]
    list_218 = [30,70,70,250,0.95]
    list_219 = [30,70,70,250,0.95]
    list_220 = [30,70,70,250,0.95]
    list_221 = [30,70,70,250,0.95]
    list_222 = [30,70,70,250,0.95]
    list_223 = [30,70,70,250,0.95]
    list_224 = [30,70,70,250,0.95]
    list_225 = [30,75,85,300,0.95]
    list_226 = [30,75,85,300,0.95]
    list_227 = [30,70,70,250,0.95]
    list_228 = [30,75,85,300,0.95]
